-10.000000 1.416512
-9.960000 1.422127
-9.920000 1.427787
-9.880000 1.433492
-9.840000 1.439243
-9.800000 1.445040
-9.760000 1.450883
-9.720000 1.456775
-9.680000 1.462714
-9.640000 1.468701
-9.600000 1.474738
-9.560000 1.480824
-9.520000 1.486961
-9.480000 1.493149
-9.440000 1.499388
-9.400000 1.505680
-9.360000 1.512024
-9.320000 1.518422
-9.280000 1.524874
-9.240000 1.531382
-9.200000 1.537944
-9.160000 1.544563
-9.120000 1.551240
-9.080000 1.557974
-9.040000 1.564766
-9.000000 1.571618
-8.960000 1.578530
-8.920000 1.585502
-8.880000 1.592537
-8.840000 1.599633
-8.800000 1.606793
-8.760000 1.614018
-8.720000 1.621307
-8.680000 1.628662
-8.640000 1.636084
-8.600000 1.643573
-8.560000 1.651132
-8.520000 1.658759
-8.480000 1.666457
-8.440000 1.674227
-8.400000 1.682069
-8.360000 1.689985
-8.320000 1.697975
-8.280000 1.706040
-8.240000 1.714182
-8.200000 1.722402
-8.160000 1.730701
-8.120000 1.739079
-8.080000 1.747539
-8.040000 1.756081
-8.000000 1.764706
-7.960000 1.773416
-7.920000 1.782212
-7.880000 1.791095
-7.840000 1.800067
-7.800000 1.809128
-7.760000 1.818280
-7.720000 1.827525
-7.680000 1.836864
-7.640000 1.846298
-7.600000 1.855829
-7.560000 1.865458
-7.520000 1.875187
-7.480000 1.885017
-7.440000 1.894950
-7.400000 1.904987
-7.360000 1.915130
-7.320000 1.925382
-7.280000 1.935742
-7.240000 1.946214
-7.200000 1.956799
-7.160000 1.967499
-7.120000 1.978315
-7.080000 1.989250
-7.040000 2.000306
-7.000000 2.011484
-6.960000 2.022786
-6.920000 2.034215
-6.880000 2.045773
-6.840000 2.057462
-6.800000 2.069284
-6.760000 2.081241
-6.720000 2.093335
-6.680000 2.105570
-6.640000 2.117947
-6.600000 2.130469
-6.560000 2.143138
-6.520000 2.155958
-6.480000 2.168930
-6.440000 2.182057
-6.400000 2.195342
-6.360000 2.208789
-6.320000 2.222399
-6.280000 2.236176
-6.240000 2.250122
-6.200000 2.264242
-6.160000 2.278538
-6.120000 2.293013
-6.080000 2.307671
-6.040000 2.322515
-6.000000 2.337549
-5.960000 2.352776
-5.920000 2.368200
-5.880000 2.383825
-5.840000 2.399655
-5.800000 2.415693
-5.760000 2.431944
-5.720000 2.448412
-5.680000 2.465101
-5.640000 2.482015
-5.600000 2.499160
-5.560000 2.516540
-5.520000 2.534159
-5.480000 2.552022
-5.440000 2.570135
-5.400000 2.588503
-5.360000 2.607131
-5.320000 2.626023
-5.280000 2.645187
-5.240000 2.664628
-5.200000 2.684351
-5.160000 2.704363
-5.120000 2.724670
-5.080000 2.745278
-5.040000 2.766194
-5.000000 2.787425
-4.960000 2.808978
-4.920000 2.830860
-4.880000 2.853078
-4.840000 2.875640
-4.800000 2.898554
-4.760000 2.921828
-4.720000 2.945470
-4.680000 2.969490
-4.640000 2.993895
-4.600000 3.018694
-4.560000 3.043898
-4.520000 3.069516
-4.480000 3.095558
-4.440000 3.122034
-4.400000 3.148955
-4.360000 3.176332
-4.320000 3.204176
-4.280000 3.232499
-4.240000 3.261312
-4.200000 3.290629
-4.160000 3.320462
-4.120000 3.350825
-4.080000 3.381731
-4.040000 3.413194
-4.000000 3.445230
-3.960000 3.477852
-3.920000 3.511078
-3.880000 3.544923
-3.840000 3.579404
-3.800000 3.614538
-3.760000 3.650343
-3.720000 3.686838
-3.680000 3.724043
-3.640000 3.761976
-3.600000 3.800659
-3.560000 3.840114
-3.520000 3.880361
-3.480000 3.921426
-3.440000 3.963330
-3.400000 4.006099
-3.360000 4.049759
-3.320000 4.094336
-3.280000 4.139857
-3.240000 4.186352
-3.200000 4.233850
-3.160000 4.282382
-3.120000 4.331979
-3.080000 4.382676
-3.040000 4.434506
-3.000000 4.487505
-2.960000 4.541711
-2.920000 4.597162
-2.880000 4.653898
-2.840000 4.711961
-2.800000 4.771395
-2.760000 4.832244
-2.720000 4.894555
-2.680000 4.958377
-2.640000 5.023760
-2.600000 5.090757
-2.560000 5.159422
-2.520000 5.229812
-2.480000 5.301985
-2.440000 5.376003
-2.400000 5.451928
-2.360000 5.529827
-2.320000 5.609767
-2.280000 5.691819
-2.240000 5.776056
-2.200000 5.862554
-2.160000 5.951392
-2.120000 6.042648
-2.080000 6.136409
-2.040000 6.232758
-2.000000 6.331785
-1.960000 6.433581
-1.920000 6.538239
-1.880000 6.645854
-1.840000 6.756524
-1.800000 6.870348
-1.760000 6.987426
-1.720000 7.107859
-1.680000 7.231750
-1.640000 7.359200
-1.600000 7.490309
-1.560000 7.625176
-1.520000 7.763897
-1.480000 7.906563
-1.440000 8.053261
-1.400000 8.204068
-1.360000 8.359055
-1.320000 8.518278
-1.280000 8.681781
-1.240000 8.849588
-1.200000 9.021703
-1.160000 9.198107
-1.120000 9.378749
-1.080000 9.563543
-1.040000 9.752364
-1.000000 9.945040
-0.960000 10.141346
-0.920000 10.340997
-0.880000 10.543639
-0.840000 10.748844
-0.800000 10.956098
-0.760000 11.164796
-0.720000 11.374235
-0.680000 11.583605
-0.640000 11.791987
-0.600000 11.998347
-0.560000 12.201539
-0.520000 12.400304
-0.480000 12.593281
-0.440000 12.779015
-0.400000 12.955979
-0.360000 13.122589
-0.320000 13.277242
-0.280000 13.418339
-0.240000 13.544333
-0.200000 13.653761
-0.160000 13.745294
-0.120000 13.817773
-0.080000 13.870251
-0.040000 13.902026
0.000000 13.912667
0.040000 13.902026
0.080000 13.870251
0.120000 13.817773
0.160000 13.745294
0.200000 13.653761
0.240000 13.544333
0.280000 13.418339
0.320000 13.277242
0.360000 13.122589
0.400000 12.955979
0.440000 12.779015
0.480000 12.593281
0.520000 12.400304
0.560000 12.201539
0.600000 11.998347
0.640000 11.791987
0.680000 11.583605
0.720000 11.374235
0.760000 11.164796
0.800000 10.956098
0.840000 10.748844
0.880000 10.543639
0.920000 10.340997
0.960000 10.141346
1.000000 9.945040
1.040000 9.752364
1.080000 9.563543
1.120000 9.378749
1.160000 9.198107
1.200000 9.021703
1.240000 8.849588
1.280000 8.681781
1.320000 8.518278
1.360000 8.359055
1.400000 8.204068
1.440000 8.053261
1.480000 7.906563
1.520000 7.763897
1.560000 7.625176
1.600000 7.490309
1.640000 7.359200
1.680000 7.231750
1.720000 7.107859
1.760000 6.987426
1.800000 6.870348
1.840000 6.756524
1.880000 6.645854
1.920000 6.538239
1.960000 6.433581
2.000000 6.331785
2.040000 6.232758
2.080000 6.136409
2.120000 6.042648
2.160000 5.951392
2.200000 5.862554
2.240000 5.776056
2.280000 5.691819
2.320000 5.609767
2.360000 5.529827
2.400000 5.451928
2.440000 5.376003
2.480000 5.301985
2.520000 5.229812
2.560000 5.159422
2.600000 5.090757
2.640000 5.023760
2.680000 4.958377
2.720000 4.894555
2.760000 4.832244
2.800000 4.771395
2.840000 4.711961
2.880000 4.653898
2.920000 4.597162
2.960000 4.541711
3.000000 4.487505
3.040000 4.434506
3.080000 4.382676
3.120000 4.331979
3.160000 4.282382
3.200000 4.233850
3.240000 4.186352
3.280000 4.139857
3.320000 4.094336
3.360000 4.049759
3.400000 4.006099
3.440000 3.963330
3.480000 3.921426
3.520000 3.880361
3.560000 3.840114
3.600000 3.800659
3.640000 3.761976
3.680000 3.724043
3.720000 3.686838
3.760000 3.650343
3.800000 3.614538
3.840000 3.579404
3.880000 3.544923
3.920000 3.511078
3.960000 3.477852
4.000000 3.445230
4.040000 3.413194
4.080000 3.381731
4.120000 3.350825
4.160000 3.320462
4.200000 3.290629
4.240000 3.261312
4.280000 3.232499
4.320000 3.204176
4.360000 3.176332
4.400000 3.148955
4.440000 3.122034
4.480000 3.095558
4.520000 3.069516
4.560000 3.043898
4.600000 3.018694
4.640000 2.993895
4.680000 2.969490
4.720000 2.945470
4.760000 2.921828
4.800000 2.898554
4.840000 2.875640
4.880000 2.853078
4.920000 2.830860
4.960000 2.808978
5.000000 2.787425
5.040000 2.766194
5.080000 2.745278
5.120000 2.724670
5.160000 2.704363
5.200000 2.684351
5.240000 2.664628
5.280000 2.645187
5.320000 2.626023
5.360000 2.607131
5.400000 2.588503
5.440000 2.570135
5.480000 2.552022
5.520000 2.534159
5.560000 2.516540
5.600000 2.499160
5.640000 2.482015
5.680000 2.465101
5.720000 2.448412
5.760000 2.431944
5.800000 2.415693
5.840000 2.399655
5.880000 2.383825
5.920000 2.368200
5.960000 2.352776
6.000000 2.337549
6.040000 2.322515
6.080000 2.307671
6.120000 2.293013
6.160000 2.278538
6.200000 2.264242
6.240000 2.250122
6.280000 2.236176
6.320000 2.222399
6.360000 2.208789
6.400000 2.195342
6.440000 2.182057
6.480000 2.168930
6.520000 2.155958
6.560000 2.143138
6.600000 2.130469
6.640000 2.117947
6.680000 2.105570
6.720000 2.093335
6.760000 2.081241
6.800000 2.069284
6.840000 2.057462
6.880000 2.045773
6.920000 2.034215
6.960000 2.022786
7.000000 2.011484
7.040000 2.000306
7.080000 1.989250
7.120000 1.978315
7.160000 1.967499
7.200000 1.956799
7.240000 1.946214
7.280000 1.935742
7.320000 1.925382
7.360000 1.915130
7.400000 1.904987
7.440000 1.894950
7.480000 1.885017
7.520000 1.875187
7.560000 1.865458
7.600000 1.855829
7.640000 1.846298
7.680000 1.836864
7.720000 1.827525
7.760000 1.818280
7.800000 1.809128
7.840000 1.800067
7.880000 1.791095
7.920000 1.782212
7.960000 1.773416
8.000000 1.764706
8.040000 1.756081
8.080000 1.747539
8.120000 1.739079
8.160000 1.730701
8.200000 1.722402
8.240000 1.714182
8.280000 1.706040
8.320000 1.697975
8.360000 1.689985
8.400000 1.682069
8.440000 1.674227
8.480000 1.666457
8.520000 1.658759
8.560000 1.651132
8.600000 1.643573
8.640000 1.636084
8.680000 1.628662
8.720000 1.621307
8.760000 1.614018
8.800000 1.606793
8.840000 1.599633
8.880000 1.592537
8.920000 1.585502
8.960000 1.578530
9.000000 1.571618
9.040000 1.564766
9.080000 1.557974
9.120000 1.551240
9.160000 1.544563
9.200000 1.537944
9.240000 1.531382
9.280000 1.524874
9.320000 1.518422
9.360000 1.512024
9.400000 1.505680
9.440000 1.499388
9.480000 1.493149
9.520000 1.486961
9.560000 1.480824
9.600000 1.474738
9.640000 1.468701
9.680000 1.462714
9.720000 1.456775
9.760000 1.450883
9.800000 1.445040
9.840000 1.439243
9.880000 1.433492
9.920000 1.427787
9.960000 1.422127
10.000000 1.416512
